
# FLAG > M
#  HashMatrix Matrix (COO) 0x559693448a50
#    n       m        nnz     half     fortran   state  
5 5 19 0 0 0 0
         0         0 1.376381920471173359
         0         1 -0.68819096023558667952
         0         2 -0.68819096023558645747
         1         0 -0.68819096023558667952
         1         1 1.376381920471173137
         1         2 0
         2         0 -0.68819096023558667952
         2         1 0
         2         2 1.376381920471173359
         1         3 -0.68819096023558690156
         3         1 -0.68819096023558690156
         3         3 1.376381920471173359
         3         2 2.7755575615628913511e-17
         2         3 0
         3         4 -0.68819096023558679054
         4         3 -0.68819096023558690156
         4         4 1.376381920471173359
         4         2 -0.68819096023558701258
         2         4 -0.68819096023558701258
# FLAG > M
